-31954.0
-26266.0
-26799.0
-20414.0
-20778.0
-33769.0
-21864.0
-28648.0
-19184.0
-24065.0
-26794.0
-19534.0
-21150.0
-20574.0
-17516.0
-19887.0
-21996.0
-15183.0
-17127.0
-18160.0
-13801.0
-15491.0
-18803.0
-13113.0
-12329.0
-25188.0
-12960.0
-18573.0
-15311.0
-12757.0
-12687.0
-15199.0
-11847.0
-10780.0
-11817.0
-15064.0
-10669.0
-11106.0
-11695.0
-13801.0
-11007.0
-11024.0
-15910.0
-11361.0
-7603.0
-10294.0
-8878.0
-9873.0
-11072.0
-10292.0
-11368.0
-8684.0
-9624.0
-9549.0
-7444.0
-8491.0
-9788.0
-7994.0
-10351.0
-9459.0
-7800.0
-9465.0
-9971.0
-7113.0
-8172.0
-6727.0
-8576.0
-8915.0
-6725.0
-6681.0
-8185.0
-6896.0
-5971.0
-6732.0
-6654.0
-7183.0
-6052.0
-6182.0
-7548.0
-6504.0
-6388.0
-5395.0
-5087.0
-6489.0
-5483.0
-6103.0
-5905.0
-4938.0
-5665.0
-5532.0
-5289.0
-6100.0
-5550.0
-5084.0
-5782.0
-4720.0
-5755.0
-5656.0
-4657.0
-4277.0
