45223
38605
38209
32197
31439
47714
34123
41003
31049
38134
39598
30751
33381
32040
29664
30882
33325
24941
27790
29174
23788
26373
31810
24497
22275
38664
23324
29907
25516
23050
22224
26151
20758
19535
22393
27142
19921
20676
21337
24358
21294
20541
26571
21034
16493
20309
18338
18839
20828
19571
20711
18145
17504
19491
17817
17674
21717
17423
20341
18566
18515
19916
18266
15519
17315
15677
17500
17901
15731
15838
17563
15432
14105
15769
15355
15284
14689
14049
16141
14795
16265
12825
13348
14767
14148
16043
15758
14303
14384
13794
13269
14212
14049
13910
14076
12232
14597
14380
13924
11761
