8.374629629629629
7.149074074074074
7.07574074074074
5.962407407407407
5.822037037037037
8.835925925925926
6.3190740740740745
7.593148148148148
5.7498148148148145
7.061851851851852
7.332962962962963
5.694629629629629
6.181666666666667
5.933333333333334
5.493333333333333
5.7188888888888885
6.171296296296297
4.618703703703703
5.146296296296296
5.402592592592592
4.405185185185185
4.8838888888888885
5.890740740740741
4.536481481481482
4.125
7.16
4.319259259259259
5.538333333333333
4.725185185185185
4.268518518518518
4.115555555555556
4.842777777777778
3.844074074074074
3.6175925925925925
4.146851851851852
5.026296296296296
3.689074074074074
3.828888888888889
3.951296296296296
4.510740740740741
3.9433333333333334
3.803888888888889
4.920555555555556
3.895185185185185
3.0542592592592595
3.760925925925926
3.395925925925926
3.488703703703704
3.857037037037037
3.6242592592592593
3.8353703703703705
3.3601851851851854
3.2414814814814816
3.6094444444444442
3.2994444444444446
3.272962962962963
4.0216666666666665
3.2264814814814815
3.7668518518518517
3.438148148148148
3.428703703703704
3.688148148148148
3.3825925925925926
2.8738888888888887
3.2064814814814815
2.9031481481481483
3.240740740740741
3.315
2.913148148148148
2.932962962962963
3.252407407407407
2.8577777777777778
2.612037037037037
2.920185185185185
2.8435185185185183
2.83037037037037
2.7201851851851853
2.6016666666666666
2.989074074074074
2.7398148148148147
3.012037037037037
2.375
2.4718518518518517
2.7346296296296297
2.62
2.970925925925926
2.918148148148148
2.6487037037037036
2.6637037037037037
2.5544444444444445
2.457222222222222
2.631851851851852
2.6016666666666666
2.575925925925926
2.6066666666666665
2.265185185185185
2.703148148148148
2.662962962962963
2.5785185185185187
2.177962962962963
